1      1.2337     19.7392    0.00647651
2      1.23378    19.7392    0.00508252
3      1.23414    19.7372    0.00507287
4      1.23489    19.7319    0.00469772
5      1.23644    19.7224    0.00432821
6      1.23867    19.7089    0.00406738
7      1.24158    19.6914    0.00387669
8      1.24514    19.6696    0.00379454
9      1.24937    19.6438    0.00374315
10     1.25427    19.6138    0.00371514
11     1.25983    19.5799    0.00370588
12     1.26606    19.5419    0.00371229
13     1.27295    19.4999    0.00373214
14     1.2805     19.4539    0.00376367
15     1.2887     19.404     0.00380547
16     1.29757    19.3501    0.00385633
17     1.30709    19.2923    0.00391514
18     1.31726    19.2307    0.00398097
19     1.32808    19.1652    0.00405294
20     1.33955    19.0959    0.00413016
21     1.35167    19.0228    0.00421184
22     1.36443    18.9459    0.00429732
23     1.37783    18.8654    0.00438592
24     1.39186    18.7811    0.00447706
25     1.40653    18.6933    0.00457023
26     1.42184    18.6019    0.00466512
27     1.43777    18.5069    0.00476147
28     1.45433    18.4085    0.00485918
29     1.47151    18.3066    0.00495834
30     1.48931    18.2013    0.00505923
31     1.50772    18.0927    0.00516234
32     1.52675    17.9808    0.00526853
33     1.54638    17.8657    0.00537881
34     1.56662    17.7474    0.0054946
35     1.58746    17.6259    0.00561766
36     1.6089     17.5014    0.00575016
37     1.63093    17.374     0.00589471
38     1.65356    17.2435    0.00605441
39     1.67676    17.1102    0.0062328
40     1.70056    16.9741    0.00643073
41     1.72494    16.8352    0.00664743
42     1.74991    16.6936    0.00689514
43     1.77543    16.5494    0.00718195
44     1.80153    16.4027    0.00751483
45     1.82818    16.2534    0.00790163
46     1.85538    16.1017    0.00835117
47     1.88313    15.9477    0.00887307
48     1.91143    15.7914    0.00947805
49     1.94027    15.6329    0.0101778
50     1.96964    15.4723    0.0109851
51     1.99954    15.3096    0.0119138
52     2.02998    15.145     0.0129637
53     2.06098    14.9784    0.0141108
54     2.0925     14.81      0.0154008
55     2.12454    14.6398    0.0168458
56     2.1571     14.4679    0.018458
57     2.19018    14.2945    0.0202495
58     2.22376    14.1195    0.0222327
59     2.25785    13.9431    0.0244191
60     2.29244    13.7653    0.0268201
61     2.32752    13.5862    0.0294464
62     2.36309    13.406     0.0323079
63     2.39915    13.2246    0.0354137
64     2.43569    13.0423    0.0387716
65     2.47271    12.8589    0.042388
66     2.5102     12.6748    0.0462682
67     2.54814    12.4898    0.0504155
68     2.58655    12.3043    0.0548315
69     2.62541    12.1181    0.0595158
70     2.66471    11.9314    0.0644661
71     2.70445    11.7444    0.0696779
72     2.74461    11.557     0.0751443
73     2.7852     11.3695    0.0808565
74     2.8262     11.1818    0.086803
75     2.86761    10.9942    0.0929703
76     2.9094     10.8066    0.0993427
77     2.95159    10.6191    0.105902
78     2.99414    10.432     0.112629
79     3.03706    10.2452    0.119501
80     3.08034    10.0589    0.126497
81     3.12395    9.87317    0.13359
82     3.1679     9.68807    0.140756
83     3.21216    9.50371    0.147969
84     3.25672    9.32018    0.155202
85     3.30158    9.13757    0.162428
86     3.34672    8.95596    0.169621
87     3.39212    8.77544    0.176756
88     3.43778    8.59608    0.183808
89     3.48367    8.41797    0.190753
90     3.5298     8.24118    0.197571
91     3.57613    8.06577    0.204241
92     3.62266    7.89182    0.210746
93     3.66938    7.71938    0.217072
94     3.71627    7.54853    0.223206
95     3.76332    7.37931    0.229139
96     3.81049    7.21204    0.234628
97     3.85773    7.04731    0.239196
98     3.90511    6.88417    0.243707
99     3.95261    6.72269    0.248149
100    4.00022    6.56292    0.252511
101    4.04792    6.40493    0.256784
102    4.0957     6.24877    0.260958
103    4.14354    6.0945     0.265023
104    4.19143    5.94217    0.26897
105    4.23934    5.79185    0.272791
106    4.28725    5.64358    0.276478
107    4.33515    5.49741    0.280022
108    4.38302    5.3534     0.283416
109    4.43084    5.2116     0.286649
110    4.47857    5.07204    0.289713
111    4.52621    4.93478    0.292598
112    4.57376    4.79946    0.295634
113    4.62121    4.66553    0.299294
114    4.66846    4.53391    0.302823
115    4.71545    4.40484    0.306007
116    4.76215    4.27836    0.308825
117    4.80854    4.1545     0.31125
118    4.85457    4.03328    0.313253
119    4.90021    3.91474    0.314807
120    4.94475    3.80058    0.314894
121    4.98895    3.68881    0.314639
122    5.03304    3.57882    0.314378
123    5.077      3.47069    0.314069
124    5.12079    3.36446    0.313674
125    5.1644     3.26018    0.313157
126    5.2078     3.15792    0.312483
127    5.24932    3.06132    0.309442
128    5.2903     2.96724    0.305875
129    5.33074    2.87564    0.301798
130    5.37065    2.78647    0.297235
131    5.41003    2.69965    0.292213
132    5.4489     2.61514    0.286764
133    5.48727    2.53286    0.280923
134    5.52516    2.45274    0.274728
135    5.56258    2.37472    0.268216
136    5.59955    2.29872    0.261426
137    5.63608    2.22469    0.254394
138    5.67219    2.15257    0.247159
139    5.70789    2.08229    0.239754
140    5.7432     2.01381    0.232213
141    5.77812    1.94708    0.224567
142    5.81267    1.88205    0.216844
143    5.84684    1.81869    0.209071
144    5.88065    1.75696    0.201274
145    5.91409    1.69683    0.193474
146    5.94717    1.63828    0.185694
147    5.97987    1.58128    0.177952
148    6.01219    1.52582    0.170266
149    6.04412    1.47188    0.162653
150    6.07565    1.41945    0.155129
151    6.10676    1.36852    0.147708
152    6.13743    1.3191     0.140406
153    6.16763    1.27117    0.133236
154    6.19733    1.22474    0.12621
155    6.22651    1.17982    0.119344
156    6.25511    1.13641    0.112649
157    6.2831     1.09453    0.106141
158    6.30522    1.06151    0.0979259
159    6.33337    1.0203     0.0926884
160    6.35495    0.988703   0.0856102
161    6.37943    0.953389   0.0802453
162    6.40036    0.923159   0.0743624
163    6.42175    0.892481   0.069352
164    6.44171    0.863835   0.0646101
165    6.46099    0.836162   0.0603852
166    6.47941    0.809642   0.056623
167    6.49681    0.784422   0.0532863
168    6.51303    0.760622   0.0503492
169    6.52793    0.738334   0.0477907
170    6.54143    0.717618   0.0455923
171    6.55345    0.698496   0.0437337
172    6.56399    0.680949   0.0421913
173    6.5731     0.664911   0.0409375
174    6.5809     0.650273   0.0399422
175    6.57548    0.650594   0.0380602
176    6.58565    0.632597   0.0386623
177    6.58042    0.632724   0.0374708
178    6.58971    0.613964   0.0407938
179    6.57897    0.622467   0.0375151
180    6.58941    0.600388   0.0444635
181    6.57807    0.617588   0.0348508
182    6.59552    0.587702   0.0432695
183    6.5948     0.59446    0.0343393
184    6.6186     0.55854    0.0437456
185    6.61861    0.564594   0.0351728
186    6.61861    0.564594   0.0351728
187    6.627      0.550414   0.039764
188    6.61675    0.563098   0.0364487
189    6.63141    0.544054   0.0401089
190    6.63649    0.541987   0.0367269
191    6.63454    0.544686   0.0357333
192    6.63718    0.540415   0.0369051
193    6.63718    0.540415   0.0369051
194    6.63718    0.540415   0.0369051
195    6.63718    0.540415   0.0369051
196    6.63718    0.540415   0.0369051
197    6.63718    0.540415   0.0369051
198    6.63718    0.540415   0.0369051
199    6.63718    0.540415   0.0369051
200    6.63718    0.540415   0.0369051
201    6.63718    0.540415   0.0369051
202    6.63718    0.540415   0.0369051
203    6.63718    0.540415   0.0369051
204    6.63718    0.540415   0.0369051
